16 4 1 10 9 3 5 15 8 14 7 13 12 6 11 2
5 7 11 12 10 8 6 13 9 2 3 1 16 15 14 4
14 6 2 9 4 7 16 12 15 5 10 11 13 8 1 3
8 3 13 15 2 11 1 14 4 6 12 16 10 9 7 5
6 2 10 11 12 9 8 5 16 1 15 7 14 3 4 13
13 16 3 14 11 10 2 4 5 9 8 6 1 7 15 12
15 5 7 1 3 13 14 16 10 12 2 4 6 11 9 8
9 8 12 4 6 15 7 1 11 13 14 3 2 10 5 16
0 11 0 0 0 0 9 0 0 15 0 2 5 0 10 0
10 0 5 0 13 1 3 0 14 0 0 0 15 0 0 0
0 15 6 0 16 5 10 7 0 0 0 8 0 14 0 0
0 0 4 0 15 0 0 0 3 0 0 5 11 0 16 0
0 12 0 0 7 0 0 0 1 4 0 15 8 0 13 10
11 0 0 0 0 2 0 9 6 0 0 0 0 0 0 0
7 0 0 0 0 12 4 0 0 0 11 0 3 1 0 0
4 1 0 0 0 0 15 6 0 7 0 0 9 5 0 11

16 0 1 10 9 0 5 0 8 14 0 0 0 0 11 2
0 0 11 12 0 8 0 0 0 2 3 0 0 0 0 4
0 0 0 0 0 0 0 12 15 0 10 0 0 0 0 3
8 3 0 15 2 0 1 14 0 0 0 16 0 0 7 0
0 2 0 11 12 0 0 5 0 0 0 7 0 3 0 0
0 0 3 0 11 0 0 0 5 9 8 6 0 7 15 0
0 0 0 1 0 0 0 16 0 12 2 4 0 11 0 8
0 8 0 4 6 0 7 0 0 13 0 0 0 0 5 0
0 11 0 0 0 0 9 0 0 15 0 2 5 0 10 0
10 0 5 0 13 1 3 0 14 0 0 0 15 0 0 0
0 15 6 0 16 5 10 7 0 0 0 8 0 14 0 0
0 0 4 0 15 0 0 0 3 0 0 5 11 0 16 0
0 12 0 0 7 0 0 0 1 4 0 15 8 0 13 10
11 0 0 0 0 2 0 9 6 0 0 0 0 0 0 0
7 0 0 0 0 12 4 0 0 0 11 0 3 1 0 0
4 1 0 0 0 0 15 6 0 7 0 0 9 5 0 11
