3 2 1 6 5 4 9 7 8
9 8 4 2 7 1 5 6 3
7 6 5 9 8 3 1 4 2
4 3 6 8 9 7 2 5 1
1 5 9 4 6 2 3 8 7
8 7 2 3 1 5 4 9 6
2 9 3 7 4 6 8 1 5
5 4 7 1 3 8 6 2 9
6 1 8 5 2 9 7 3 4

5 3 4 6 7 8 9 1 2
6 7 2 1 9 5 3 4 8
1 9 8 3 4 2 5 6 7
8 5 9 7 6 1 4 2 3
4 2 6 8 5 3 7 9 1
7 1 3 9 2 4 8 5 6
9 6 1 5 3 7 2 8 4 
2 8 7 4 1 9 6 3 5
3 4 5 2 8 6 1 7 9

16 4 1 10 9 3 5 15 8 14 7 13 12 6 11 2 
5 7 11 12 10 8 6 13 9 2 3 1 16 15 14 4 
14 6 2 9 4 7 16 12 15 5 10 11 13 8 1 3 
8 3 13 15 2 11 1 14 4 6 12 16 10 9 7 5 
6 2 10 11 12 9 8 5 16 1 15 7 14 3 4 13 
13 16 3 14 11 10 2 4 5 9 8 6 1 7 15 12 
15 5 7 1 3 13 14 16 10 12 2 4 6 11 9 8 
9 8 12 4 6 15 7 1 11 13 14 3 2 10 5 16 
3 11 16 13 14 4 9 8 7 15 6 2 5 12 10 1 
10 9 5 7 13 1 3 11 14 16 4 12 15 2 8 6 
12 15 6 2 16 5 10 7 13 11 1 8 4 14 3 9 
1 14 4 8 15 6 12 2 3 10 9 5 11 13 16 7 
2 12 9 6 7 14 11 3 1 4 5 15 8 16 13 10 
11 10 8 5 1 2 13 9 6 3 16 14 7 4 12 15 
7 13 15 16 5 12 4 10 2 8 11 9 3 1 6 14 
4 1 14 3 8 16 15 6 12 7 13 10 9 5 2 11 